```hex
03022307
00000100
01000000
000a0000
00000000
02001100
00000000
0b000700
01000000
476c534c
2e737464
2e450000
0e000300
00000000
01000000
0f000a00
04000000
05000000
00000000
496e5075
74000000
03000000
01000000
10000600
05000000
07000000
13000800
06000000
1f000000
21000800
07000000
16000000
21000000
20000000
21000000
20000000
21000000
21000000
21000000
33000700
08000000
06000000
07000000
07000000
07000000
3f000400
09000000
08000000
47000600
0a000000
08000000
0b000000
3e000300
0a000000
09000000
36000400
0c000000
0b000000
3e000300
0d000000
0b000000
3b000300
0e000000
0c000000
3b000300
0f000000
0d000000
3b000300
10000000
0e000000
3b000300
11000000
0f000000
80000800
12000000
0e000000
10000000
11000000
0e000000
81000b00
13000000
12000000
03000000
02000000
85000500
14000000
13000000
02000000
03000000
81000700
15000000
14000000
01000000
02000000
81000900
16000000
15000000
00000000
01000000
02000000
03000000
02000000
81000b00
17000000
16000000
03000000
02000000
85000500
18000000
17000000
02000000
03000000
7d000300
19000000
18000000
45000500
1a000000
19000000
14000000
1b000000
1c000000
83000b00
1d000000
1a000000
1b000000
03000000
03000000
83000b00
1e000000
1a000000
1c000000
03000000
03000000
83000b00
1f000000
1a000000
1d000000
03000000
03000000
83000b00
20000000
1a000000
1e000000
03000000
03000000
8d000500
21000000
1f000000
20000000
03000000
83000b00
22000000
21000000
1f000000
03000000
03000000
83000b00
23000000
21000000
20000000
03000000
03000000
95000500
24000000
23000000
22000000
03000000
8d000500
25000000
24000000
22000000
03000000
8d000500
26000000
24000000
23000000
03000000
fd000100
3e000300
27000000
26000000
47000500
28000000
27000000
00000000
3e000300
29000000
28000000
f8000000
```