0000	03 02 23 07 00 00 01 00  0b 00 0d 00 0d 00 00 00   ..#.............
0010	00 00 00 00 11 00 02 00  01 00 00 00 0b 00 06 00   ................
0020	01 00 00 00 47 4c 53 4c  2e 73 74 64 2e 34 35 30   ....GLSL.std.450
0030	00 00 00 00 0e 00 03 00  00 00 00 00 01 00 00 00   ................
0040	0f 00 06 00 04 00 00 00  04 00 00 00 6d 61 69 6e   ............main
0050	00 00 00 00 09 00 00 00  10 00 03 00 04 00 00 00   ................
0060	07 00 00 00 03 00 03 00  02 00 00 00 c2 01 00 00   ................
0070	04 00 0a 00 47 4c 5f 47  4f 4f 47 4c 45 5f 63 70   ....GL_GOOGLE_cp
0080	70 5f 73 74 79 6c 65 5f  6c 69 6e 65 5f 64 69 72   p_style_line_dir
0090	65 63 74 69 76 65 00 00  04 00 08 00 47 4c 5f 47   ective......GL_G
00a0	4f 4f 47 4c 45 5f 69 6e  63 6c 75 64 65 5f 64 69   OOGLE_include_di
00b0	72 65 63 74 69 76 65 00  05 00 04 00 04 00 00 00   rective.........
00c0	6d 61 69 6e 00 00 00 00  05 00 05 00 09 00 00 00   main............
00d0	6f 75 74 43 6f 6c 6f 72  00 00 00 00 47 00 04 00   outColor....G...
00e0	09 00 00 00 1e 00 00 00  00 00 00 00 13 00 02 00   ................
00f0	02 00 00 00 21 00 03 00  03 00 00 00 02 00 00 00   ....!...........
0100	16 00 03 00 06 00 00 00  20 00 00 00 17 00 04 00   ........ .......
0110	07 00 00 00 06 00 00 00  04 00 00 00 20 00 04 00   ............ ...
0120	08 00 00 00 03 00 00 00  07 00 00 00 3b 00 04 00   ............;...
0130	08 00 00 00 09 00 00 00  03 00 00 00 2b 00 04 00   ............+...
0140	06 00 00 00 0a 00 00 00  00 00 80 3f 2b 00 04 00   ...........?+...
0150	06 00 00 00 0b 00 00 00  00 00 00 00 2c 00 07 00   ............,...
0160	07 00 00 00 0c 00 00 00  0a 00 00 00 0b 00 00 00   ................
0170	0b 00 00 00 0a 00 00 00  36 00 05 00 02 00 00 00   ........6.......
0180	04 00 00 00 00 00 00 00  03 00 00 00 f8 00 02 00   ................
0190	05 00 00 00 3e 00 03 00  09 00 00 00 0c 00 00 00   ....>...........
01a0	fd 00 01 00 38 00 01 00                            ....8...