11 3650.0 10000 5000.0 1.00e+09 946728000
Sun 1.988920e+30 -1.067599e+09 -3.959888e+08 -1.380710e+08 9.312569e+00 -1.170151e+01 -5.251248e+00
Mercury 3.301100e+23 -2.052933e+10 -6.032396e+10 -3.013085e+10 3.700430e+04 -8.541376e+03 -8.398373e+03
Venus 4.867500e+24 -1.085241e+11 -7.318518e+09 3.548116e+09 1.391219e+03 -3.202952e+04 -1.449709e+04
Earth 5.972370e+24 -2.756663e+10 1.323614e+11 5.741865e+10 -2.978495e+04 -5.029754e+03 -2.180645e+03
Moon 7.342000e+22 -2.785824e+10 1.320947e+11 5.734254e+10 -2.914142e+04 -5.695841e+03 -2.481971e+03
Mars 6.417100e+23 2.069805e+11 -1.863698e+08 -5.667233e+09 1.171985e+03 2.390671e+04 1.093392e+04
Jupiter 1.898190e+27 5.975000e+11 4.089904e+11 1.607562e+11 -7.900525e+03 1.017180e+04 4.552467e+03
Saturn 5.683400e+26 9.573175e+11 9.233197e+11 3.401628e+11 -7.422709e+03 6.097475e+03 2.837682e+03
Uranus 8.681000e+25 2.157908e+12 -1.871307e+12 -8.501064e+11 4.646336e+03 4.251153e+03 1.796172e+03
Neptune 1.024130e+26 2.513979e+12 -3.438170e+12 -1.469851e+12 4.475215e+03 2.877104e+03 1.066201e+03
Asteroid 1.000000e+09 -4.810450e+10 1.070330e+11 8.253754e+10 -1.315991e+04 -1.897505e+04 1.037530e+04
C:\AshDev\CodingBenchmark\de421.bsp