#include "tables.h"

const int edgeTable[256] = {
    // Edge table for Marching Cubes (256 entries)
    // ... (This would be a large, pre-computed table) ...
    // For brevity, I'm not including the full table here.
    // A real implementation would have this table.
    0x0, 0x109, 0x203, 0x30a, 0x406, 0x50f, 0x605, 0x70c, 0x80c, 0x905, 0xa0f, 0xb06, 0xc0a, 0xd03, 0xe09, 0xf00,
    0x190, 0x99, 0x293, 0x39a, 0x496, 0x59f, 0x695, 0x79c, 0x89c, 0x995, 0xa9f, 0xb96, 0xc9a, 0xd93, 0xe99, 0xf90,
    0x230, 0x339, 0x33, 0x13a, 0x436, 0x53f, 0x635, 0x73c, 0x83c, 0x935, 0xa3f, 0xb36, 0xc3a, 0xd33, 0xe39, 0xf30,
    0x3a0, 0x2a9, 0x1a3, 0xaa, 0x4a6, 0x5af, 0x6a5, 0x7ac, 0x8ac, 0x9a5, 0xaaf, 0xba6, 0xcaa, 0xda3, 0xea9, 0xfa0,
    0x660, 0x769, 0x463, 0x56a, 0x66, 0x16f, 0x265, 0x36c, 0x86c, 0x965, 0xa6f, 0xb66, 0xc6a, 0xd63, 0xe69, 0xf60,
    0x7f0, 0x6f9, 0x5f3, 0x4fa, 0x1f6, 0xff, 0x3f5, 0x2fc, 0x8fc, 0x9f5, 0xaff, 0xbf6, 0xcfa, 0xdf3, 0xef9, 0xff0,
    0x550, 0x459, 0x753, 0x65a, 0x356, 0x25f, 0x55, 0x15c, 0x85c, 0x955, 0xa5f, 0xb56, 0xc5a, 0xd53, 0xe59, 0xf50,
    0xcc0, 0xdc9, 0xec3, 0xfca, 0xac6, 0xbcf, 0x8c5, 0x9cc, 0xcc, 0x1c5, 0x2cf, 0x3c6, 0x4ca, 0x5c3, 0x6c9, 0x7c0,
    0x8c0, 0x9c9, 0xac3, 0xbca, 0xcc6, 0xdcf, 0xec5, 0xfcc, 0xc, 0x105, 0x20f, 0x306, 0x40a, 0x503, 0x609, 0x700,
    0x950, 0x859, 0xb53, 0xa5a, 0xd56, 0xc5f, 0xf55, 0xe5c, 0x15c, 0x55, 0x35f, 0x256, 0x55a, 0x453, 0x759, 0x650,
    0xaf0, 0xbf9, 0x8f3, 0x9fa, 0xef6, 0xff, 0xdf5, 0xcfc, 0x3fc, 0x2f5, 0xff, 0x1f6, 0x6fa, 0x7f3, 0x4f9, 0x5f0,
    0xb60, 0xa69, 0x963, 0x86a, 0xf66, 0xe6f, 0xd65, 0xc6c, 0x36c, 0x265, 0x16f, 0x66, 0x76a, 0x663, 0x569, 0x460,
    0xaa0, 0xba9, 0x8a3, 0x9aa, 0xea6, 0xfaf, 0xda5, 0xcac, 0x3ac, 0x2a5, 0x1af, 0xa6, 0x7aa, 0x6a3, 0x5a9, 0x4a0,
    0xd30, 0xc39, 0xf33, 0xe3a, 0x936, 0x83f, 0xb35, 0xa3c, 0x13c, 0x35, 0x33f, 0x236, 0x53a, 0x433, 0x739, 0x630,
    0xe90, 0xf99, 0xc93, 0xd9a, 0x996, 0x89f, 0xb95, 0xa9c, 0x19c, 0x95, 0x39f, 0x296, 0x59a, 0x493, 0x799, 0x690,
    0xf00, 0xe09, 0xd03, 0xc0a, 0xb06, 0xa0f, 0x905, 0x80c, 0x70c, 0x605, 0x50f, 0x406, 0x30a, 0x203, 0x109, 0x0
};

const int triTable[256][16] = {
    // Triangle table for Marching Cubes (256x16 entries)
    // ... (This would be a large, pre-computed table) ...
    // For brevity, I'm not including the full table here.
    // A real implementation would have this table.
{-1, -1, -1, -1, -1, -1, -1, -1, -1, -1, -1, -1, -1, -1, -1, -1},
{0, 8, 3, -1, -1, -1, -1, -1, -1, -1, -1, -1, -1, -1, -1, -1},
{0, 1, 9, -1, -1, -1, -1, -1, -1, -1, -1, -1, -1, -1, -1, -1},
{1, 8, 3, 9, 8, 1, -1, -1, -1, -1, -1, -1, -1, -1, -1, -1},
{1, 2, 10, -1, -1, -1, -1, -1, -1, -1, -1, -1, -1, -1, -1, -1},
{0, 8, 3, 1, 2, 10, -1, -1, -1, -1, -1, -1, -1, -1, -1, -1},
{9, 2, 10, 0, 2, 9, -1, -1, -1, -1, -1, -1, -1, -1, -1, -1},
{2, 8, 3, 2, 10, 8, 10, 9, 8, -1, -1, -1, -1, -1, -1, -1},
{3, 11, 2, -1, -1, -1, -1, -1, -1, -1, -1, -1, -1, -1, -1, -1},
{0, 11, 2, 8, 11, 0, -1, -1, -1, -1, -1, -1, -1, -1, -1, -1},
{1, 9, 0, 2, 3, 11, -1, -1, -1, -1, -1, -1, -1, -1, -1, -1},
{1, 11, 2, 1, 9, 11, 9, 8, 11, -1, -1, -1, -1, -1, -1, -1},
{3, 10, 1, 11, 10, 3, -1, -1, -1, -1, -1, -1, -1, -1, -1, -1},
{0, 10, 1, 0, 8, 10, 8, 11, 10, -1, -1, -1, -1, -1, -1, -1},
{3, 9, 0, 3, 11, 9, 11, 10, 9, -1, -1, -1, -1, -1, -1, -1},
{9, 8, 10, 10, 8, 11, -1, -1, -1, -1, -1, -1, -1, -1, -1, -1},
{4, 7, 8, -1, -1, -1, -1, -1, -1, -1, -1, -1, -1, -1, -1, -1},
{4, 3, 0, 7, 3, 4, -1, -1, -1, -1, -1, -1, -1, -1, -1, -1},
{0, 1, 9, 8, 4, 7, -1, -1, -1, -1, -1, -1, -1, -1, -1, -1},
{4, 1, 9, 4, 7, 1, 7, 3, 1, -1, -1, -1, -1, -1, -1, -1},
{1, 2, 10, 8, 4, 7, -1, -1, -1, -1, -1, -1, -1, -1, -1, -1},
{3, 4, 7, 3, 0, 4, 1, 2, 10, -1, -1, -1, -1, -1, -1, -1},
{9, 2, 10, 9, 0, 2, 8, 4, 7, -1, -1, -1, -1, -1, -1, -1},
{2, 10, 9, 2, 9, 7, 2, 7, 3, 7, 9, 4, -1, -1, -1, -1},
{8, 3, 11, 4, 3, 8, -1, -1, -1, -1, -1, -1, -1, -1, -1, -1},
{0, 4, 7, 0, 11, 4, 11, 2, 4, -1, -1, -1, -1, -1, -1, -1},
{9, 0, 1, 8, 3, 11, 4, 7, 8, -1, -1, -1, -1, -1, -1, -1},
{4, 7, 11, 9, 4, 11, 9, 11, 2, 9, 2, 1, -1, -1, -1, -1},
{3, 10, 1, 3, 11, 10, 7, 8, 4, -1, -1, -1, -1, -1, -1, -1},
{1, 11, 10, 1, 4, 11, 1, 0, 4, 7, 11, 4, -1, -1, -1, -1},
{4, 7, 8, 9, 0, 11, 9, 11, 10, 11, 0, 3, -1, -1, -1, -1},
{4, 7, 11, 4, 11, 9, 9, 11, 10, -1, -1, -1, -1, -1, -1, -1},
{9, 5, 4, -1, -1, -1, -1, -1, -1, -1, -1, -1, -1, -1, -1, -1},
{9, 5, 4, 0, 8, 3, -1, -1, -1, -1, -1, -1, -1, -1, -1, -1},
{0, 5, 4, 1, 5, 0, -1, -1, -1, -1, -1, -1, -1, -1, -1, -1},
{8, 3, 0, 8, 0, 4, 8, 4, 5, 4, 0, 1, -1, -1, -1, -1},
{1, 2, 10, 9, 5, 4, -1, -1, -1, -1, -1, -1, -1, -1, -1, -1},
{0, 8, 3, 1, 2, 10, 4, 9, 5, -1, -1, -1, -1, -1, -1, -1},
{0, 5, 4, 0, 2, 5, 0, 10, 2, 10, 5, 2, -1, -1, -1, -1},
{8, 3, 2, 8, 2, 5, 8, 5, 9, 5, 2, 10, -1, -1, -1, -1},
{3, 11, 2, 4, 9, 5, -1, -1, -1, -1, -1, -1, -1, -1, -1, -1},
{0, 11, 2, 0, 8, 11, 4, 9, 5, -1, -1, -1, -1, -1, -1, -1},
{0, 5, 4, 1, 5, 0, 2, 3, 11, -1, -1, -1, -1, -1, -1, -1},
{2, 5, 9, 2, 11, 5, 11, 8, 5, 11, 1, 5, -1, -1, -1, -1},
{9, 5, 4, 3, 11, 2, 1, 10, 3, -1, -1, -1, -1, -1, -1, -1},
{0, 8, 10, 0, 10, 1, 0, 1, 4, 5, 10, 11, -1, -1, -1, -1},
{5, 4, 0, 5, 0, 11, 5, 11, 10, 11, 0, 3, -1, -1, -1, -1},
{5, 4, 8, 5, 8, 11, 5, 11, 10, 11, 8, 9, -1, -1, -1, -1},
{9, 7, 8, 5, 7, 9, -1, -1, -1, -1, -1, -1, -1, -1, -1, -1},
{9, 3, 0, 9, 5, 3, 5, 7, 3, -1, -1, -1, -1, -1, -1, -1},
{0, 7, 8, 0, 1, 7, 1, 5, 7, -1, -1, -1, -1, -1, -1, -1},
{1, 5, 3, 3, 5, 7, -1, -1, -1, -1, -1, -1, -1, -1, -1, -1},
{9, 7, 8, 9, 5, 7, 10, 1, 2, -1, -1, -1, -1, -1, -1, -1},
{10, 1, 2, 9, 5, 0, 5, 7, 0, 7, 3, 0, -1, -1, -1, -1},
{8, 7, 0, 8, 0, 2, 8, 2, 5, 2, 0, 10, -1, -1, -1, -1},
{2, 10, 5, 2, 5, 3, 3, 5, 7, -1, -1, -1, -1, -1, -1, -1},
{7, 8, 3, 7, 3, 11, 5, 9, 3, -1, -1, -1, -1, -1, -1, -1},
{9, 5, 7, 9, 7, 2, 9, 2, 0, 2, 7, 11, -1, -1, -1, -1},
{3, 11, 2, 0, 1, 5, 8, 7, 0, -1, -1, -1, -1, -1, -1, -1},
{11, 2, 1, 11, 1, 7, 7, 1, 5, -1, -1, -1, -1, -1, -1, -1},
{9, 5, 8, 8, 5, 7, 10, 1, 3, -1, -1, -1, -1, -1, -1, -1},
{10, 1, 9, 10, 9, 5, 10, 5, 7, 10, 7, 0, 0, 7, 3, -1},
{0, 1, 5, 0, 5, 8, 0, 8, 7, 8, 5, 11, -1, -1, -1, -1},
{1, 5, 3, 1, 3, 7, 1, 7, 11, 1, 11, 10, -1, -1, -1, -1},
{10, 6, 5, -1, -1, -1, -1, -1, -1, -1, -1, -1, -1, -1, -1, -1},
{0, 8, 3, 5, 10, 6, -1, -1, -1, -1, -1, -1, -1, -1, -1, -1},
{9, 0, 1, 5, 10, 6, -1, -1, -1, -1, -1, -1, -1, -1, -1, -1},
{1, 8, 3, 1, 9, 8, 5, 10, 6, -1, -1, -1, -1, -1, -1, -1},
{1, 6, 5, 2, 6, 1, -1, -1, -1, -1, -1, -1, -1, -1, -1, -1},
{0, 8, 3, 1, 6, 5, 2, 6, 1, -1, -1, -1, -1, -1, -1, -1},
{9, 6, 5, 9, 0, 6, 0, 2, 6, -1, -1, -1, -1, -1, -1, -1},
{5, 9, 8, 5, 8, 2, 5, 2, 6, 2, 8, 3, -1, -1, -1, -1},
{2, 3, 11, 10, 6, 5, -1, -1, -1, -1, -1, -1, -1, -1, -1, -1},
{11, 0, 8, 11, 2, 0, 10, 6, 5, -1, -1, -1, -1, -1, -1, -1},
{0, 1, 9, 2, 3, 11, 5, 10, 6, -1, -1, -1, -1, -1, -1, -1},
{5, 10, 6, 1, 9, 8, 1, 8, 2, 2, 8, 11, -1, -1, -1, -1},
{6, 3, 11, 6, 5, 3, 5, 1, 3, -1, -1, -1, -1, -1, -1, -1},
{0, 8, 11, 0, 11, 5, 0, 5, 1, 5, 11, 6, -1, -1, -1, -1},
{3, 11, 0, 3, 0, 9, 3, 9, 5, 6, 0, 9, -1, -1, -1, -1},
{6, 5, 9, 6, 9, 11, 11, 9, 8, -1, -1, -1, -1, -1, -1, -1},
{5, 10, 6, 4, 7, 8, -1, -1, -1, -1, -1, -1, -1, -1, -1, -1},
{0, 8, 3, 4, 7, 8, 5, 10, 6, -1, -1, -1, -1, -1, -1, -1},
{0, 1, 9, 5, 10, 6, 4, 7, 8, -1, -1, -1, -1, -1, -1, -1},
{10, 6, 5, 1, 9, 8, 1, 8, 3, 4, 7, 8, -1, -1, -1, -1},
{1, 6, 5, 2, 6, 1, 8, 4, 7, -1, -1, -1, -1, -1, -1, -1},
{8, 4, 7, 0, 8, 3, 1, 6, 5, 2, 6, 1, -1, -1, -1, -1},
{9, 0, 2, 9, 2, 6, 9, 6, 5, 6, 2, 10, -1, -1, -1, -1},
{8, 4, 7, 9, 8, 5, 9, 5, 6, 9, 6, 2, 3, 8, 5, -1},
{5, 10, 6, 3, 11, 2, 8, 4, 7, -1, -1, -1, -1, -1, -1, -1},
{10, 6, 5, 11, 2, 0, 11, 0, 8, 4, 7, 8, -1, -1, -1, -1},
{9, 0, 1, 8, 3, 11, 5, 10, 6, 4, 7, 8, -1, -1, -1, -1},
{9, 8, 4, 9, 4, 7, 9, 7, 11, 10, 6, 5, -1, -1, -1, -1},
{11, 1, 6, 11, 6, 5, 11, 5, 3, 5, 6, 4, -1, -1, -1, -1},
{0, 8, 6, 0, 6, 5, 0, 5, 1, 6, 8, 7, -1, -1, -1, -1},
{9, 0, 3, 9, 3, 5, 9, 5, 6, 5, 3, 11, -1, -1, -1, -1},
{9, 8, 7, 9, 7, 6, 9, 6, 5, 6, 7, 11, -1, -1, -1, -1},
{11, 7, 6, -1, -1, -1, -1, -1, -1, -1, -1, -1, -1, -1, -1, -1},
{11, 7, 6, 0, 8, 3, -1, -1, -1, -1, -1, -1, -1, -1, -1, -1},
{0, 1, 9, 11, 7, 6, -1, -1, -1, -1, -1, -1, -1, -1, -1, -1},
{8, 3, 0, 8, 0, 1, 8, 1, 9, 6, 11, 7, -1, -1, -1, -1},
{10, 1, 2, 6, 11, 7, -1, -1, -1, -1, -1, -1, -1, -1, -1, -1},
{1, 2, 10, 3, 0, 8, 6, 11, 7, -1, -1, -1, -1, -1, -1, -1},
{2, 9, 0, 2, 10, 9, 6, 11, 7, -1, -1, -1, -1, -1, -1, -1},
{6, 11, 7, 2, 10, 9, 2, 9, 8, 3, 9, 2, -1, -1, -1, -1},
{7, 2, 3, 6, 2, 7, -1, -1, -1, -1, -1, -1, -1, -1, -1, -1},
{7, 0, 8, 7, 6, 0, 6, 2, 0, -1, -1, -1, -1, -1, -1, -1},
{0, 1, 9, 7, 2, 3, 7, 6, 2, -1, -1, -1, -1, -1, -1, -1},
{1, 9, 8, 1, 8, 7, 1, 7, 6, 6, 7, 2, -1, -1, -1, -1},
{10, 1, 3, 10, 3, 7, 10, 7, 6, 7, 3, 11, -1, -1, -1, -1},
{10, 1, 0, 10, 0, 8, 10, 8, 6, 8, 0, 7, -1, -1, -1, -1},
{0, 3, 7, 0, 7, 6, 0, 6, 10, 0, 10, 9, -1, -1, -1, -1},
{10, 9, 8, 10, 8, 6, 6, 8, 7, -1, -1, -1, -1, -1, -1, -1},
{6, 4, 7, 5, 4, 6, -1, -1, -1, -1, -1, -1, -1, -1, -1, -1},
{6, 0, 8, 6, 4, 0, 4, 5, 0, -1, -1, -1, -1, -1, -1, -1},
{9, 0, 1, 6, 4, 7, 5, 4, 6, -1, -1, -1, -1, -1, -1, -1},
{1, 9, 8, 1, 8, 0, 5, 4, 8, 5, 8, 6, -1, -1, -1, -1},
{1, 2, 10, 5, 4, 7, 5, 7, 6, 7, 4, 8, -1, -1, -1, -1},
{1, 2, 10, 0, 8, 3, 4, 7, 8, 5, 4, 7, 6, 5, 7, -1},
{9, 0, 2, 9, 2, 10, 9, 10, 6, 9, 6, 5, 4, 6, 9, -1},
{5, 9, 8, 5, 8, 7, 5, 7, 6, 3, 8, 2, -1, -1, -1, -1},
{6, 5, 4, 7, 6, 4, -1, -1, -1, -1, -1, -1, -1, -1, -1, -1},
{5, 0, 8, 5, 6, 0, 6, 4, 0, -1, -1, -1, -1, -1, -1, -1},
{9, 0, 1, 5, 6, 7, 5, 7, 4, 7, 6, 11, -1, -1, -1, -1},
{9, 8, 0, 9, 0, 1, 8, 6, 0, 8, 4, 6, -1, -1, -1, -1},
{10, 1, 2, 6, 5, 3, 6, 3, 4, 3, 5, 11, -1, -1, -1, -1},
{10, 1, 0, 10, 0, 8, 6, 5, 0, 6, 0, 4, -1, -1, -1, -1},
{3, 11, 0, 3, 0, 9, 6, 5, 0, 6, 0, 4, -1, -1, -1, -1},
{6, 5, 9, 6, 9, 8, 6, 8, 4, 8, 9, 11, -1, -1, -1, -1},
{11, 7, 5, 11, 5, 9, -1, -1, -1, -1, -1, -1, -1, -1, -1, -1},
{11, 7, 5, 11, 5, 9, 8, 3, 0, -1, -1, -1, -1, -1, -1, -1},
{11, 7, 6, 0, 1, 9, 5, 9, 1, -1, -1, -1, -1, -1, -1, -1},
{8, 3, 0, 8, 0, 1, 8, 1, 9, 7, 5, 11, -1, -1, -1, -1},
{10, 1, 2, 11, 7, 6, 9, 5, 4, -1, -1, -1, -1, -1, -1, -1},
{1, 2, 10, 3, 0, 8, 4, 9, 5, 6, 11, 7, -1, -1, -1, -1},
{2, 10, 9, 2, 9, 0, 6, 11, 7, 5, 4, 9, -1, -1, -1, -1},
{2, 10, 9, 3, 2, 9, 3, 9, 8, 7, 6, 11, 5, 9, 3, -1},
{6, 7, 2, 6, 2, 3, 5, 9, 2, -1, -1, -1, -1, -1, -1, -1},
{9, 5, 7, 9, 7, 6, 9, 6, 0, 6, 7, 2, -1, -1, -1, -1},
{3, 11, 2, 1, 9, 0, 6, 7, 1, 6, 1, 5, -1, -1, -1, -1},
{1, 9, 8, 1, 8, 7, 1, 7, 6, 2, 1, 7, -1, -1, -1, -1},
{10, 1, 3, 10, 3, 11, 10, 11, 5, 10, 5, 9, 7, 6, 3, -1},
{10, 1, 0, 10, 0, 8, 5, 9, 0, 5, 0, 7, -1, -1, -1, -1},
{0, 3, 11, 0, 11, 5, 0, 5, 9, 7, 6, 11, -1, -1, -1, -1},
{10, 9, 8, 7, 6, 11, -1, -1, -1, -1, -1, -1, -1, -1, -1, -1},
{7, 6, 11, -1, -1, -1, -1, -1, -1, -1, -1, -1, -1, -1, -1, -1},
{3, 0, 8, 7, 6, 11, -1, -1, -1, -1, -1, -1, -1, -1, -1, -1},
{9, 0, 1, 7, 6, 11, -1, -1, -1, -1, -1, -1, -1, -1, -1, -1},
{9, 8, 3, 9, 1, 8, 7, 6, 11, -1, -1, -1, -1, -1, -1, -1},
{10, 1, 2, 7, 6, 11, -1, -1, -1, -1, -1, -1, -1, -1, -1, -1},
{3, 0, 8, 1, 2, 10, 7, 6, 11, -1, -1, -1, -1, -1, -1, -1},
{0, 2, 10, 0, 9, 2, 7, 6, 11, -1, -1, -1, -1, -1, -1, -1},
{2, 10, 9, 2, 9, 8, 2, 8, 3, 7, 6, 11, -1, -1, -1, -1},
{2, 3, 7, 2, 7, 6, -1, -1, -1, -1, -1, -1, -1, -1, -1, -1},
{0, 8, 2, 0, 2, 6, 6, 2, 7, -1, -1, -1, -1, -1, -1, -1},
{0, 1, 9, 2, 3, 7, 6, 7, 3, -1, -1, -1, -1, -1, -1, -1},
{1, 9, 8, 1, 8, 2, 8, 7, 2, 7, 6, 2, -1, -1, -1, -1},
{1, 3, 10, 3, 7, 10, 7, 6, 10, -1, -1, -1, -1, -1, -1, -1},
{0, 8, 1, 8, 7, 1, 7, 6, 1, -1, -1, -1, -1, -1, -1, -1},
{10, 9, 0, 10, 0, 7, 10, 7, 6, 7, 0, 3, -1, -1, -1, -1},
{6, 10, 9, 6, 9, 8, 8, 9, 7, -1, -1, -1, -1, -1, -1, -1},
{7, 4, 8, 6, 11, 7, -1, -1, -1, -1, -1, -1, -1, -1, -1, -1},
{3, 0, 11, 3, 11, 7, 3, 7, 4, 7, 11, 6, -1, -1, -1, -1},
{9, 0, 1, 8, 4, 7, 6, 11, 7, -1, -1, -1, -1, -1, -1, -1},
{9, 1, 4, 9, 4, 7, 9, 7, 11, 7, 4, 3, -1, -1, -1, -1},
{10, 1, 2, 8, 4, 7, 6, 11, 7, -1, -1, -1, -1, -1, -1, -1},
{11, 7, 6, 1, 2, 10, 3, 0, 8, 4, 3, 0, -1, -1, -1, -1},
{9, 0, 2, 9, 2, 10, 8, 4, 7, 6, 11, 7, -1, -1, -1, -1},
{10, 9, 4, 10, 4, 7, 10, 7, 11, 7, 4, 3, -1, -1, -1, -1},
{8, 4, 3, 8, 3, 6, 8, 6, 7, 6, 3, 2, -1, -1, -1, -1},
{8, 4, 0, 8, 0, 2, 8, 2, 6, 6, 2, 7, -1, -1, -1, -1},
{9, 0, 1, 3, 2, 7, 3, 7, 6, 4, 3, 7, -1, -1, -1, -1},
{1, 9, 8, 1, 8, 2, 1, 2, 6, 2, 8, 7, -1, -1, -1, -1},
{1, 3, 10, 6, 7, 1, 6, 1, 4, 1, 7, 3, -1, -1, -1, -1},
{1, 0, 8, 1, 8, 7, 1, 7, 6, 6, 7, 4, -1, -1, -1, -1},
{9, 0, 3, 9, 3, 7, 9, 7, 6, 7, 3, 4, -1, -1, -1, -1},
{9, 8, 7, 9, 7, 6, 4, 7, 9, -1, -1, -1, -1, -1, -1, -1},
{9, 5, 4, 7, 6, 11, -1, -1, -1, -1, -1, -1, -1, -1, -1, -1},
{0, 8, 3, 9, 5, 4, 7, 6, 11, -1, -1, -1, -1, -1, -1, -1},
{0, 5, 4, 0, 1, 5, 7, 6, 11, -1, -1, -1, -1, -1, -1, -1},
{8, 3, 0, 8, 0, 1, 8, 1, 5, 8, 5, 4, 11, 7, 6, -1},
{10, 1, 2, 9, 5, 4, 7, 6, 11, -1, -1, -1, -1, -1, -1, -1},
{0, 8, 3, 1, 2, 10, 9, 5, 4, 7, 6, 11, -1, -1, -1, -1},
{5, 4, 9, 5, 9, 0, 5, 0, 2, 5, 2, 10, 11, 7, 6, -1},
{3, 8, 2, 9, 5, 4, 11, 7, 6, -1, -1, -1, -1, -1, -1, -1},
{9, 5, 4, 2, 3, 7, 2, 7, 6, -1, -1, -1, -1, -1, -1, -1},
{9, 5, 4, 0, 8, 2, 0, 2, 6, 6, 2, 7, -1, -1, -1, -1},
{0, 1, 5, 0, 5, 4, 2, 3, 7, 6, 7, 3, -1, -1, -1, -1},
{8, 2, 1, 8, 1, 5, 8, 5, 4, 7, 6, 2, -1, -1, -1, -1},
{10, 1, 3, 10, 3, 7, 10, 7, 6, 9, 5, 4, -1, -1, -1, -1},
{10, 1, 0, 10, 0, 8, 9, 5, 4, 7, 6, 11, -1, -1, -1, -1},
{3, 11, 7, 3, 7, 6, 3, 6, 5, 3, 5, 4, 0, 1, 9, -1},
{10, 9, 8, 10, 8, 7, 10, 7, 6, 7, 8, 4, -1, -1, -1, -1},
{10, 6, 5, 11, 7, 10, -1, -1, -1, -1, -1, -1, -1, -1, -1, -1},
{11, 7, 10, 11, 10, 8, 10, 7, 0, -1, -1, -1, -1, -1, -1, -1},
{10, 6, 5, 9, 0, 1, 11, 7, 10, -1, -1, -1, -1, -1, -1, -1},
{10, 6, 5, 1, 9, 8, 7, 11, 10, -1, -1, -1, -1, -1, -1, -1},
{6, 1, 2, 6, 5, 1, 11, 7, 6, -1, -1, -1, -1, -1, -1, -1},
{1, 2, 8, 1, 8, 0, 5, 1, 0, 5, 0, 6, 11, 7, 8, -1},
{9, 0, 2, 9, 2, 6, 9, 6, 5, 6, 2, 7, -1, -1, -1, -1},
{5, 9, 8, 5, 8, 7, 5, 7, 6, 6, 7, 2, -1, -1, -1, -1},
{5, 9, 3, 5, 3, 2, 5, 2, 6, 2, 3, 7, -1, -1, -1, -1},
{9, 3, 0, 9, 0, 6, 9, 6, 5, 6, 0, 2, -1, -1, -1, -1},
{0, 1, 9, 2, 3, 7, 6, 5, 2, -1, -1, -1, -1, -1, -1, -1},
{1, 9, 8, 1, 8, 2, 5, 6, 1, 5, 1, 7, -1, -1, -1, -1},
{10, 1, 3, 10, 3, 7, 10, 7, 5, 5, 7, 6, -1, -1, -1, -1},
{10, 1, 0, 10, 0, 8, 7, 5, 10, 7, 10, 6, -1, -1, -1, -1},
{0, 3, 7, 0, 7, 5, 0, 5, 9, 5, 7, 6, -1, -1, -1, -1},
{10, 9, 8, 5, 6, 10, 5, 10, 7, -1, -1, -1, -1, -1, -1, -1},
{11, 7, 4, 11, 4, 5, -1, -1, -1, -1, -1, -1, -1, -1, -1, -1},
{11, 7, 4, 11, 4, 5, 8, 3, 0, -1, -1, -1, -1, -1, -1, -1},
{0, 1, 9, 11, 7, 4, 5, 4, 7, -1, -1, -1, -1, -1, -1, -1},
{8, 3, 0, 8, 0, 1, 8, 1, 9, 4, 5, 11, -1, -1, -1, -1},
{1, 2, 10, 7, 4, 8, 5, 11, 7, -1, -1, -1, -1, -1, -1, -1},
{3, 0, 8, 1, 2, 10, 4, 5, 11, 7, 4, 5, -1, -1, -1, -1},
{9, 0, 2, 9, 2, 10, 7, 4, 8, 5, 11, 7, -1, -1, -1, -1},
{10, 9, 8, 10, 8, 3, 10, 3, 2, 11, 7, 4, 5, 11, 4, -1},
{2, 3, 4, 2, 4, 5, -1, -1, -1, -1, -1, -1, -1, -1, -1, -1},
{0, 8, 2, 0, 2, 5, 0, 5, 4, 5, 2, 3, -1, -1, -1, -1},
{9, 0, 1, 5, 4, 2, 5, 2, 3, -1, -1, -1, -1, -1, -1, -1},
{1, 9, 8, 1, 8, 2, 1, 2, 3, 1, 3, 4, 5, 3, 1, -1},
{10, 1, 3, 10, 3, 4, 10, 4, 5, -1, -1, -1, -1, -1, -1, -1},
{1, 0, 8, 1, 8, 4, 1, 4, 5, 5, 4, 10, -1, -1, -1, -1},
{9, 0, 3, 9, 3, 4, 9, 4, 5, 4, 3, 10, -1, -1, -1, -1},
{9, 8, 5, 8, 4, 5, -1, -1, -1, -1, -1, -1, -1, -1, -1, -1},
{11, 7, 9, 11, 9, 5, -1, -1, -1, -1, -1, -1, -1, -1, -1, -1},
{0, 8, 3, 11, 7, 9, 5, 9, 7, -1, -1, -1, -1, -1, -1, -1},
{0, 1, 11, 0, 11, 7, 0, 7, 5, 7, 11, 6, -1, -1, -1, -1},
{1, 9, 8, 1, 8, 7, 1, 7, 11, 11, 7, 5, -1, -1, -1, -1},
{10, 1, 2, 7, 9, 5, 7, 11, 9, -1, -1, -1, -1, -1, -1, -1},
{1, 2, 10, 0, 8, 3, 7, 9, 5, 11, 9, 7, -1, -1, -1, -1},
{10, 9, 0, 10, 0, 2, 11, 7, 0, 11, 0, 5, -1, -1, -1, -1},
{10, 9, 8, 10, 8, 3, 11, 7, 5, -1, -1, -1, -1, -1, -1, -1},
{7, 2, 3, 7, 3, 5, 7, 5, 9, -1, -1, -1, -1, -1, -1, -1},
{9, 5, 0, 5, 2, 0, 5, 7, 2, -1, -1, -1, -1, -1, -1, -1},
{0, 1, 9, 2, 3, 7, 5, 7, 3, -1, -1, -1, -1, -1, -1, -1},
{1, 9, 8, 1, 8, 7, 2, 3, 1, -1, -1, -1, -1, -1, -1, -1},
{10, 1, 3, 10, 3, 7, 5, 9, 3, -1, -1, -1, -1, -1, -1, -1},
{10, 1, 0, 1, 7, 0, 1, 5, 7, -1, -1, -1, -1, -1, -1, -1},
{0, 3, 7, 0, 7, 5, 9, 5, 7, -1, -1, -1, -1, -1, -1, -1},
{9, 8, 7, 5, 9, 7, -1, -1, -1, -1, -1, -1, -1, -1, -1, -1},
};