gpt-5-codex: 0.22869682692140622
qwen3-coder-next: 0.14767624020887726
gpt-5-mini: 0.10647526235693507
gemini-2.5-flash: 0.10528720626631853
