gpt-5.4-HighReasoning: 0.41150376677361694
gpt-5.4-MaxReasoning: 0.30170958002903037
gpt-5.5-MedReasoning: 0.2960992538596612
gpt-5.2-LowReasoning: 0.27992267700007156
gpt-5.1-codex-HighReasoning-Tools: 0.2784327931338004
gpt-5.2-MaxReasoning: 0.2716341172721
gpt-5.2-pro: 0.2669495583480411
gemini-3-flash-preview-LowReasoning-Tools: 0.26230722599707357
claude-opus-4-7-MedReasoning-Tools: 0.2597483552504779
gpt-5.3-codex-MaxReasoning: 0.25777294148710855
gpt-5.2-MaxReasoning-Tools: 0.257749635578206
claude-opus-4-7-LowReasoning-Tools: 0.24931439832195976
gpt-5.4-mini-MedReasoning-Tools: 0.22777043453730342
gpt-5.4-mini-HighReasoning-Tools: 0.22777043453730342
gpt-5.2-MedReasoning-Tools: 0.22246513392372852
gpt-5.2: 0.22242622910403947
gpt-5.2-pro-MedReasoning: 0.21785080275582766
gpt-5.4-mini-HighReasoning: 0.21658226868109579
gpt-5.2-HighReasoning-Tools: 0.21546680470075574
gpt-5.1-HighReasoning: 0.21003264882688608
claude-sonnet-4-5: 0.2076369584009652
gpt-5.1-codex-MaxReasoning-Tools: 0.20141275732372976
gpt-5.4: 0.18400455639772811
gpt-5.3-codex-HighReasoning: 0.18151256705052599
gpt-5.2-LowReasoning-Tools: 0.17715924800443542
gpt-5.2-codex-HighReasoning: 0.1705899294029278
gpt-5.4-mini-LowReasoning-Tools: 0.16866926051378725
gpt-5.2-Tools: 0.16596873548136415
gpt-5.3-codex-LowReasoning: 0.15951566113271778
gpt-5.1: 0.1478716460241057
qwen3-coder-next: 0.14767624020887726
claude-opus-4-7-HighReasoning-Tools: 0.14010536051494316
gpt-5.4-mini-LowReasoning: 0.13931039323953137
claude-opus-4-7: 0.13826285963817472
gpt-5-mini-LowReasoning: 0.1345987228550838
gpt-5.4-mini-Tools: 0.13288954227865418
claude-sonnet-4-5-LowReasoning-Tools: 0.12756978113426015
claude-opus-4-5-HighReasoning: 0.12154552940757589
gpt-5.4-mini: 0.12122176074553598
gpt-5.3-codex-Tools: 0.12121073523811264
claude-haiku-4-5-Tools: 0.1200800313753223
claude-opus-4-5: 0.11765277649895338
claude-sonnet-4-5-MaxReasoning-Tools: 0.11315060507621337
claude-haiku-4-5-LowReasoning-Tools: 0.1114785079013493
gemini-2.5-flash: 0.10554830287206264
gpt-5-mini-MedReasoning-Tools: 0.10396022309642183
naive: 0.0987392944428857
naive-optimised: 0.09862617227093999
claude-haiku-4-5-MedReasoning: 0.09401006967215587
claude-haiku-4-5-HighReasoning: 0.09289694023214957
gemini-2.5-flash-lite: 0.0796193018166985
gemini-3.1-flash-lite-preview-MaxReasoning-Tools: 0.0767821922079519
grok-4-1-fast-reasoning: 0.0569692235279164
claude-sonnet-4-6: 0.05658264433585569
gemini-2.5-flash-MaxReasoning-Tools: 0.04407054974079502
gemini-3.1-flash-lite-preview: 0.039377994920222
gemini-2.5-flash-lite-Tools: 0.03913859337528132
grok-4-1-fast-non-reasoning: 0.02109181141439206
gemini-3-pro-preview-HighReasoning-Tools: 0.019230769230769232
nova-lite: 0.013771712158808935
best-published: 0.007352941176470588
glm-4.7-flashx: 0.00620347394540943
claude-opus-4-6-MaxReasoning: 0.005656108597285068
human: 0.003223981900452488
random: 0.0022624434389140274
gpt-5-mini: 0.0
gpt-5-codex: 0.0
mistral-large-bedrock: 0.0
llama3-70b-bedrock: 0.0
llama3-1-405b-bedrock: 0.0
gpt-5.1-codex-MedReasoning-Tools: 0.0
gpt-5-mini-MedReasoning: 0.0
gpt-5-codex-HighReasoning-Tools: 0.0
gpt-5.4-pro-LowReasoning-Tools: 0.0
gpt-5.4-pro-MaxReasoning: 0.0
gpt-5.1-MaxReasoning: 0.0
gpt-5-nano-LowReasoning-Tools: 0.0
gpt-5.1-Tools: 0.0
gpt-5.1-HighReasoning-Tools: 0.0
gpt-5.1-codex-max-MedReasoning-Tools: 0.0
gpt-5-codex-LowReasoning: 0.0
gpt-5.2-pro-LowReasoning-Tools: 0.0
gpt-5.1-codex-max-HighReasoning-Tools: 0.0
gemma-4-31b-it-HighReasoning: 0.0
gemma-4-31b-it: 0.0
gpt-5-nano-MedReasoning: 0.0
gpt-5.1-MaxReasoning-Tools: 0.0
gpt-5.1-codex-LowReasoning-Tools: 0.0
gpt-5-codex-Tools: 0.0
gemma-4-31b-it-LowReasoning: 0.0
gemma-4-31b-it-MedReasoning-Tools: 0.0
claude-sonnet-4-6-MaxReasoning: 0.0
gpt-5.2-codex-MedReasoning-Tools: 0.0
