claude-opus-4-7-LowReasoning-Tools: 0.24931439832195976
gpt-5.4-mini-MedReasoning-Tools: 0.22777043453730342
gpt-5.4-mini-HighReasoning-Tools: 0.22777043453730342
gpt-5.4-mini-HighReasoning: 0.21658226868109579
gpt-5.2-LowReasoning: 0.2099905722248025
claude-sonnet-4-5: 0.2076369584009652
gpt-5.2-LowReasoning-Tools: 0.17698956474651684
gpt-5.4-mini-LowReasoning-Tools: 0.16866926051378725
gpt-5.3-codex-LowReasoning: 0.16166498239968616
gpt-5.2: 0.15816793521864486
gpt-5.1: 0.1478716460241057
qwen3-coder-next: 0.14767624020887726
claude-opus-4-7-HighReasoning-Tools: 0.14010536051494316
gpt-5.4-mini-LowReasoning: 0.1396497597553685
gpt-5.4-mini-Tools: 0.13266329793476275
gpt-5.4-mini: 0.12122176074553598
claude-haiku-4-5-Tools: 0.11608767576509511
claude-sonnet-4-6: 0.11584286986922593
gpt-5.2-Tools: 0.1099870157177939
gemini-2.5-flash: 0.10554830287206264
naive: 0.0987392944428857
naive-optimised: 0.09862617227093999
claude-haiku-4-5-LowReasoning-Tools: 0.09534033438999973
gpt-5.3-codex-Tools: 0.08900268556148674
gemini-2.5-flash-lite: 0.0796193018166985
grok-4-1-fast-reasoning: 0.0569692235279164
grok-4-1-fast-non-reasoning: 0.02109181141439206
nova-lite: 0.013771712158808935
best-published: 0.007352941176470588
glm-4.7-flashx: 0.00620347394540943
human: 0.003223981900452488
random: 0.0022624434389140274
gpt-5-mini: 0.0
gpt-5-codex: 0.0
mistral-large-bedrock: 0.0
llama3-70b-bedrock: 0.0
llama3-1-405b-bedrock: 0.0
gpt-5.2-pro: 0.0
gpt-5.1-codex-MedReasoning-Tools: 0.0
gpt-5-mini-MedReasoning: 0.0
gpt-5-codex-HighReasoning-Tools: 0.0
gpt-5.4-pro-LowReasoning-Tools: 0.0
gpt-5.4-pro-MaxReasoning: 0.0
gpt-5.1-MaxReasoning: 0.0
gpt-5-nano-LowReasoning-Tools: 0.0
gpt-5.1-Tools: 0.0
gpt-5.1-HighReasoning-Tools: 0.0
gpt-5.1-codex-max-MedReasoning-Tools: 0.0
gpt-5-codex-LowReasoning: 0.0
gpt-5.2-pro-LowReasoning-Tools: 0.0
gpt-5.1-codex-max-HighReasoning-Tools: 0.0
gemma-4-31b-it-HighReasoning: 0.0
gemma-4-31b-it: 0.0
gpt-5-nano-MedReasoning: 0.0
gpt-5.1-MaxReasoning-Tools: 0.0
