gpt-5-codex: 0.22262633083785524
claude-sonnet-4-5: 0.2076369584009652
qwen3-coder-next: 0.14767624020887726
gpt-5-mini: 0.10647526235693507
gemini-2.5-flash: 0.10554830287206264
gemini-2.5-flash-lite: 0.0796193018166985
grok-4-1-fast-reasoning: 0.0569692235279164
grok-4-1-fast-non-reasoning: 0.02109181141439206
nova-lite: 0.013771712158808935
glm-4.7-flashx: 0.00620347394540943
mistral-large-bedrock: 0.0
llama3-70b-bedrock: 0.0
claude-sonnet-4-6: 0.0
llama3-1-405b-bedrock: 0.0
